Graph 1: Directed

Matrix:
   1 2 3 4 5 6 7 8 9 10 11 
1[[0 0 0 0 0 0 0 0 0 0  0 ]
2 [0 0 0 0 0 0 0 0 0 0  0 ]
3 [0 0 0 0 0 0 0 1 0 1  0 ]
4 [0 0 0 0 0 0 0 0 0 0  0 ]
5 [0 0 0 0 0 0 0 0 0 0  1 ]
6 [0 0 0 0 0 0 0 0 0 0  0 ]
7 [0 0 0 0 0 0 0 1 0 0  1 ]
8 [0 0 0 0 0 0 0 0 1 0  0 ]
9 [0 0 0 0 0 0 0 0 0 0  0 ]
10[0 0 0 0 0 0 0 0 0 0  0 ]
11[0 1 0 0 0 0 0 0 1 1  0 ]]

Object: 
{1: [],
 2: [],
 3: [8, 10],
 4: [],
 5: [11],
 6: [],
 7: [8, 11],
 8: [9],
 9: [],
 10: [],
 11: [2, 9, 10]
 }

 Graph 2: Undirected

 Matrix
    1 2 3 4 5 6
1 [[0 1 0 0 1 0]
2  [1 0 1 0 1 0]
3  [0 1 0 1 0 0]
4  [0 0 1 1 0 1]
5  [1 1 0 1 0 0]
6  [0 0 0 1 0 0]]

{1: [2,5],
 2: [1,3,4],
 3: [2,4],
 4: [3,5,6],
 5: [1,2,4],
 6: [4]
}
